timestamp,cam_x,cam_y,cam_z,cam_rx,cam_ry,cam_rz,cam_rw
1759132047.193728,-0.381395,-0.090365,0.491788,0.796641,0.584862,0.121442,-0.092478
1759132047.327154,-0.381400,-0.090362,0.491785,0.796638,0.584865,0.121446,-0.092476
1759132047.327154,-0.381400,-0.090362,0.491785,0.796638,0.584865,0.121446,-0.092476
1759132047.393867,-0.381429,-0.090372,0.491805,0.796635,0.584867,0.121466,-0.092464
1759132047.393867,-0.381429,-0.090372,0.491805,0.796635,0.584867,0.121466,-0.092464
1759132047.460580,-0.381699,-0.090617,0.491989,0.796474,0.585066,0.121635,-0.092369
1759132047.460580,-0.381699,-0.090617,0.491989,0.796474,0.585066,0.121635,-0.092369
1759132047.527293,-0.382199,-0.091156,0.492302,0.796118,0.585500,0.122035,-0.092160
1759132047.527293,-0.382199,-0.091156,0.492302,0.796118,0.585500,0.122035,-0.092160
1759132047.594006,-0.382944,-0.091947,0.492734,0.795598,0.586123,0.122698,-0.091808
1759132047.594006,-0.382944,-0.091947,0.492734,0.795598,0.586123,0.122698,-0.091808
1759132047.660718,-0.383947,-0.092980,0.493330,0.794938,0.586907,0.123547,-0.091374
1759132047.660718,-0.383947,-0.092980,0.493330,0.794938,0.586907,0.123547,-0.091374
1759132047.727430,-0.385212,-0.094277,0.494119,0.794120,0.587874,0.124581,-0.090870
1759132047.727430,-0.385212,-0.094277,0.494119,0.794120,0.587874,0.124581,-0.090870
1759132047.794142,-0.386732,-0.095886,0.495002,0.793080,0.589104,0.125864,-0.090217
1759132047.794142,-0.386732,-0.095886,0.495002,0.793080,0.589104,0.125864,-0.090217
1759132047.860853,-0.388503,-0.097776,0.496036,0.791881,0.590502,0.127364,-0.089498
1759132047.860853,-0.388503,-0.097776,0.496036,0.791881,0.590502,0.127364,-0.089498
1759132047.927565,-0.390532,-0.100000,0.497205,0.790468,0.592139,0.129091,-0.088692
1759132047.927565,-0.390532,-0.100000,0.497205,0.790468,0.592139,0.129091,-0.088692
1759132047.994276,-0.392818,-0.102495,0.498505,0.788912,0.593912,0.131040,-0.087834
1759132047.994276,-0.392818,-0.102495,0.498505,0.788912,0.593912,0.131040,-0.087834
1759132048.060987,-0.395314,-0.105337,0.499873,0.787139,0.595914,0.133252,-0.086845
1759132048.060987,-0.395314,-0.105337,0.499873,0.787139,0.595914,0.133252,-0.086845
1759132048.127699,-0.398049,-0.108544,0.501397,0.785165,0.598113,0.135666,-0.085856
1759132048.127699,-0.398049,-0.108544,0.501397,0.785165,0.598113,0.135666,-0.085856
1759132048.194410,-0.401049,-0.112104,0.502959,0.782978,0.600508,0.138372,-0.084792
1759132048.194410,-0.401049,-0.112104,0.502959,0.782978,0.600508,0.138372,-0.084792
1759132048.261121,-0.404230,-0.116043,0.504631,0.780610,0.603063,0.141269,-0.083705
1759132048.261121,-0.404230,-0.116043,0.504631,0.780610,0.603063,0.141269,-0.083705
1759132048.327832,-0.407556,-0.120306,0.506392,0.778095,0.605714,0.144363,-0.082692
1759132048.327832,-0.407556,-0.120306,0.506392,0.778095,0.605714,0.144363,-0.082692
1759132048.394544,-0.411208,-0.125098,0.508168,0.775271,0.608646,0.147830,-0.081555
1759132048.394544,-0.411208,-0.125098,0.508168,0.775271,0.608646,0.147830,-0.081555
1759132048.461255,-0.415042,-0.130416,0.510040,0.772163,0.611809,0.151577,-0.080490
1759132048.461255,-0.415042,-0.130416,0.510040,0.772163,0.611809,0.151577,-0.080490
1759132048.527966,-0.418981,-0.136011,0.511851,0.768950,0.615007,0.155466,-0.079449
1759132048.527966,-0.418981,-0.136011,0.511851,0.768950,0.615007,0.155466,-0.079449
1759132048.594676,-0.423035,-0.142124,0.513665,0.765522,0.618329,0.159668,-0.078436
1759132048.594676,-0.423035,-0.142124,0.513665,0.765522,0.618329,0.159668,-0.078436
1759132048.661387,-0.427382,-0.148978,0.515540,0.761674,0.621981,0.164264,-0.077523
1759132048.661387,-0.427382,-0.148978,0.515540,0.761674,0.621981,0.164264,-0.077523
1759132048.728106,-0.431834,-0.156403,0.517363,0.757546,0.625801,0.169167,-0.076679
1759132048.728106,-0.431834,-0.156403,0.517363,0.757546,0.625801,0.169167,-0.076679
1759132048.794823,-0.436312,-0.164295,0.519099,0.753279,0.629626,0.174271,-0.075970
1759132048.794823,-0.436312,-0.164295,0.519099,0.753279,0.629626,0.174271,-0.075970
1759132048.861542,-0.440888,-0.172812,0.520681,0.748695,0.633621,0.179737,-0.075334
1759132048.861542,-0.440888,-0.172812,0.520681,0.748695,0.633621,0.179737,-0.075334
1759132048.928260,-0.445426,-0.181993,0.522265,0.743798,0.637795,0.185390,-0.074914
1759132048.928260,-0.445426,-0.181993,0.522265,0.743798,0.637795,0.185390,-0.074914
1759132048.994978,-0.449869,-0.191644,0.523733,0.738788,0.641909,0.191199,-0.074747
1759132048.994978,-0.449869,-0.191644,0.523733,0.738788,0.641909,0.191199,-0.074747
1759132049.061696,-0.454131,-0.201526,0.524918,0.733657,0.645996,0.197113,-0.074722
1759132049.061696,-0.454131,-0.201526,0.524918,0.733657,0.645996,0.197113,-0.074722
1759132049.128414,-0.458136,-0.211734,0.525909,0.728373,0.650100,0.203060,-0.074892
1759132049.128414,-0.458136,-0.211734,0.525909,0.728373,0.650100,0.203060,-0.074892
1759132049.195132,-0.461835,-0.222135,0.526794,0.723145,0.654005,0.208954,-0.075344
1759132049.195132,-0.461835,-0.222135,0.526794,0.723145,0.654005,0.208954,-0.075344
1759132049.261851,-0.465335,-0.232843,0.527409,0.717731,0.657945,0.214953,-0.075936
1759132049.261851,-0.465335,-0.232843,0.527409,0.717731,0.657945,0.214953,-0.075936
1759132049.328569,-0.468557,-0.243807,0.527791,0.712223,0.661821,0.221008,-0.076723
1759132049.328569,-0.468557,-0.243807,0.527791,0.712223,0.661821,0.221008,-0.076723
1759132049.395287,-0.471447,-0.254980,0.528104,0.706712,0.665577,0.226960,-0.077814
1759132049.395287,-0.471447,-0.254980,0.528104,0.706712,0.665577,0.226960,-0.077814
1759132049.462006,-0.474068,-0.266329,0.528235,0.701095,0.669306,0.232894,-0.079088
1759132049.462006,-0.474068,-0.266329,0.528235,0.701095,0.669306,0.232894,-0.079088
1759132049.528724,-0.476396,-0.277959,0.528082,0.695392,0.672945,0.238940,-0.080514
1759132049.528724,-0.476396,-0.277959,0.528082,0.695392,0.672945,0.238940,-0.080514
1759132049.595443,-0.478372,-0.289827,0.527780,0.689603,0.676536,0.244930,-0.082194
1759132049.595443,-0.478372,-0.289827,0.527780,0.689603,0.676536,0.244930,-0.082194
1759132049.662161,-0.479996,-0.301835,0.527328,0.683735,0.680079,0.250865,-0.084063
1759132049.662161,-0.479996,-0.301835,0.527328,0.683735,0.680079,0.250865,-0.084063
1759132049.728879,-0.481316,-0.314027,0.526591,0.677825,0.683485,0.256882,-0.086100
1759132049.728879,-0.481316,-0.314027,0.526591,0.677825,0.683485,0.256882,-0.086100
1759132049.795597,-0.482245,-0.326432,0.525727,0.671800,0.686877,0.262802,-0.088428
1759132049.795597,-0.482245,-0.326432,0.525727,0.671800,0.686877,0.262802,-0.088428
1759132049.862315,-0.482813,-0.338956,0.524718,0.665718,0.690194,0.268673,-0.090924
1759132049.862315,-0.482813,-0.338956,0.524718,0.665718,0.690194,0.268673,-0.090924
1759132049.929034,-0.483002,-0.351626,0.523518,0.659613,0.693374,0.274533,-0.093672
1759132049.929034,-0.483002,-0.351626,0.523518,0.659613,0.693374,0.274533,-0.093672
1759132049.995752,-0.482839,-0.364374,0.522088,0.653422,0.696525,0.280305,-0.096551
1759132049.995752,-0.482839,-0.364374,0.522088,0.653422,0.696525,0.280305,-0.096551
1759132050.062470,-0.482269,-0.376793,0.520567,0.647345,0.699511,0.285867,-0.099539
1759132050.062470,-0.482269,-0.376793,0.520567,0.647345,0.699511,0.285867,-0.099539
1759132050.129189,-0.481376,-0.388717,0.518971,0.641566,0.702235,0.291092,-0.102594
1759132050.129189,-0.481376,-0.388717,0.518971,0.641566,0.702235,0.291092,-0.102594
1759132050.195907,-0.480252,-0.400186,0.517219,0.635924,0.704824,0.296094,-0.105597
1759132050.195907,-0.480252,-0.400186,0.517219,0.635924,0.704824,0.296094,-0.105597
1759132050.262625,-0.478853,-0.411086,0.515611,0.630594,0.707203,0.300680,-0.108657
1759132050.262625,-0.478853,-0.411086,0.515611,0.630594,0.707203,0.300680,-0.108657
1759132050.329344,-0.477256,-0.421555,0.513871,0.625453,0.709419,0.305047,-0.111716
1759132050.329344,-0.477256,-0.421555,0.513871,0.625453,0.709419,0.305047,-0.111716
1759132050.396063,-0.475529,-0.431393,0.512092,0.620568,0.711442,0.309204,-0.114626
1759132050.396063,-0.475529,-0.431393,0.512092,0.620568,0.711442,0.309204,-0.114626
1759132050.462781,-0.473651,-0.440773,0.510382,0.615885,0.713371,0.313006,-0.117536
1759132050.462781,-0.473651,-0.440773,0.510382,0.615885,0.713371,0.313006,-0.117536
1759132050.529500,-0.471752,-0.449520,0.508664,0.611523,0.715082,0.316580,-0.120309
1759132050.529500,-0.471752,-0.449520,0.508664,0.611523,0.715082,0.316580,-0.120309
1759132050.596219,-0.469733,-0.457766,0.507016,0.607395,0.716680,0.319845,-0.123048
1759132050.596219,-0.469733,-0.457766,0.507016,0.607395,0.716680,0.319845,-0.123048
1759132050.662937,-0.467749,-0.465396,0.505442,0.603555,0.718121,0.322876,-0.125598
1759132050.662937,-0.467749,-0.465396,0.505442,0.603555,0.718121,0.322876,-0.125598
1759132050.729653,-0.465775,-0.472534,0.503801,0.599896,0.719460,0.325753,-0.128014
1759132050.729653,-0.465775,-0.472534,0.503801,0.599896,0.719460,0.325753,-0.128014
1759132050.796368,-0.463805,-0.479047,0.502469,0.596592,0.720690,0.328174,-0.130332
1759132050.796368,-0.463805,-0.479047,0.502469,0.596592,0.720690,0.328174,-0.130332
1759132050.863083,-0.461983,-0.484957,0.501132,0.593578,0.721743,0.330471,-0.132439
1759132050.863083,-0.461983,-0.484957,0.501132,0.593578,0.721743,0.330471,-0.132439
1759132050.929798,-0.460256,-0.490360,0.499744,0.590779,0.722686,0.332632,-0.134394
1759132050.929798,-0.460256,-0.490360,0.499744,0.590779,0.722686,0.332632,-0.134394
1759132050.996513,-0.458565,-0.495169,0.498673,0.588300,0.723551,0.334402,-0.136207
1759132050.996513,-0.458565,-0.495169,0.498673,0.588300,0.723551,0.334402,-0.136207
1759132051.063229,-0.457111,-0.499343,0.497737,0.586173,0.724275,0.335918,-0.137785
1759132051.063229,-0.457111,-0.499343,0.497737,0.586173,0.724275,0.335918,-0.137785
1759132051.129944,-0.455814,-0.503005,0.496743,0.584234,0.724905,0.337370,-0.139159
1759132051.129944,-0.455814,-0.503005,0.496743,0.584234,0.724905,0.337370,-0.139159
1759132051.196659,-0.454695,-0.506085,0.495938,0.582632,0.725416,0.338559,-0.140316
1759132051.196659,-0.454695,-0.506085,0.495938,0.582632,0.725416,0.338559,-0.140316
1759132051.263374,-0.453732,-0.508615,0.495320,0.581300,0.725867,0.339480,-0.141283
1759132051.263374,-0.453732,-0.508615,0.495320,0.581300,0.725867,0.339480,-0.141283
1759132051.330090,-0.452946,-0.510556,0.494862,0.580284,0.726204,0.340177,-0.142046
1759132051.330090,-0.452946,-0.510556,0.494862,0.580284,0.726204,0.340177,-0.142046
1759132051.396805,-0.452430,-0.511899,0.494529,0.579579,0.726429,0.340676,-0.142581
1759132051.396805,-0.452430,-0.511899,0.494529,0.579579,0.726429,0.340676,-0.142581
1759132051.463520,-0.452109,-0.512708,0.494348,0.579152,0.726571,0.340957,-0.142917
1759132051.463520,-0.452109,-0.512708,0.494348,0.579152,0.726571,0.340957,-0.142917
1759132051.530235,-0.452066,-0.512870,0.494320,0.579076,0.726591,0.341015,-0.142990
1759132051.530235,-0.452066,-0.512870,0.494320,0.579076,0.726591,0.341015,-0.142990
1759132051.596951,-0.452054,-0.512856,0.494284,0.579081,0.726564,0.341064,-0.142984
1759132051.596951,-0.452054,-0.512856,0.494284,0.579081,0.726564,0.341064,-0.142984
1759132051.663666,-0.452059,-0.512866,0.494277,0.579074,0.726565,0.341070,-0.143000
1759132051.663666,-0.452059,-0.512866,0.494277,0.579074,0.726565,0.341070,-0.143000
1759132051.730381,-0.452051,-0.512876,0.494267,0.579070,0.726566,0.341073,-0.143001
1759132051.730381,-0.452051,-0.512876,0.494267,0.579070,0.726566,0.341073,-0.143001
1759132051.797096,-0.452058,-0.512872,0.494256,0.579069,0.726564,0.341085,-0.142986
1759132051.797096,-0.452058,-0.512872,0.494256,0.579069,0.726564,0.341085,-0.142986
1759132051.863811,-0.452052,-0.512897,0.494240,0.579048,0.726577,0.341091,-0.142993
1759132051.863811,-0.452052,-0.512897,0.494240,0.579048,0.726577,0.341091,-0.142993
1759132051.930525,-0.452056,-0.512916,0.494191,0.579028,0.726576,0.341126,-0.142995
1759132051.930525,-0.452056,-0.512916,0.494191,0.579028,0.726576,0.341126,-0.142995
1759132051.997241,-0.452047,-0.512921,0.494236,0.579036,0.726587,0.341083,-0.143007
1759132051.997241,-0.452047,-0.512921,0.494236,0.579036,0.726587,0.341083,-0.143007
1759132052.063955,-0.452059,-0.512915,0.494223,0.579044,0.726578,0.341094,-0.142996
1759132052.063955,-0.452059,-0.512915,0.494223,0.579044,0.726578,0.341094,-0.142996
1759132052.130670,-0.452050,-0.512921,0.494224,0.579037,0.726585,0.341093,-0.142991
1759132052.130670,-0.452050,-0.512921,0.494224,0.579037,0.726585,0.341093,-0.142991
1759132052.197385,-0.452051,-0.512920,0.494216,0.579042,0.726579,0.341096,-0.142995
1759132052.197385,-0.452051,-0.512920,0.494216,0.579042,0.726579,0.341096,-0.142995
1759132052.264100,-0.452048,-0.512922,0.494214,0.579030,0.726584,0.341103,-0.142999
1759132052.264100,-0.452048,-0.512922,0.494214,0.579030,0.726584,0.341103,-0.142999
1759132052.330815,-0.452054,-0.512915,0.494214,0.579037,0.726581,0.341103,-0.142988
1759132052.330815,-0.452054,-0.512915,0.494214,0.579037,0.726581,0.341103,-0.142988
1759132052.397530,-0.452054,-0.512919,0.494222,0.579038,0.726583,0.341094,-0.142995
1759132052.397530,-0.452054,-0.512919,0.494222,0.579038,0.726583,0.341094,-0.142995
1759132052.464245,-0.452051,-0.512929,0.494211,0.579042,0.726579,0.341094,-0.142997
1759132052.464245,-0.452051,-0.512929,0.494211,0.579042,0.726579,0.341094,-0.142997
1759132052.530960,-0.452042,-0.512922,0.494229,0.579034,0.726587,0.341090,-0.142999
1759132052.530960,-0.452042,-0.512922,0.494229,0.579034,0.726587,0.341090,-0.142999
1759132052.597675,-0.452055,-0.512907,0.494244,0.579046,0.726583,0.341080,-0.142996
1759132052.597675,-0.452055,-0.512907,0.494244,0.579046,0.726583,0.341080,-0.142996
1759132052.664390,-0.452187,-0.512455,0.494706,0.579289,0.726544,0.340839,-0.142784
1759132052.664390,-0.452187,-0.512455,0.494706,0.579289,0.726544,0.340839,-0.142784
1759132052.731104,-0.452483,-0.511307,0.495812,0.579875,0.726452,0.340293,-0.142172
1759132052.731104,-0.452483,-0.511307,0.495812,0.579875,0.726452,0.340293,-0.142172
1759132052.797820,-0.453029,-0.509407,0.497483,0.580787,0.726286,0.339517,-0.141147
1759132052.797820,-0.453029,-0.509407,0.497483,0.580787,0.726286,0.339517,-0.141147
1759132052.864534,-0.453796,-0.506777,0.499817,0.582069,0.726048,0.338404,-0.139761
1759132052.864534,-0.453796,-0.506777,0.499817,0.582069,0.726048,0.338404,-0.139761
1759132052.931249,-0.454647,-0.503517,0.502840,0.583679,0.725784,0.336903,-0.138034
1759132052.931249,-0.454647,-0.503517,0.502840,0.583679,0.725784,0.336903,-0.138034
1759132052.997964,-0.455710,-0.499526,0.506408,0.585631,0.725422,0.335135,-0.135957
1759132052.997964,-0.455710,-0.499526,0.506408,0.585631,0.725422,0.335135,-0.135957
1759132053.064679,-0.456911,-0.494776,0.510640,0.587966,0.724963,0.333008,-0.133528
1759132053.064679,-0.456911,-0.494776,0.510640,0.587966,0.724963,0.333008,-0.133528
1759132053.131394,-0.458115,-0.489332,0.515582,0.590636,0.724456,0.330449,-0.130830
1759132053.131394,-0.458115,-0.489332,0.515582,0.590636,0.724456,0.330449,-0.130830
1759132053.198109,-0.459396,-0.483226,0.521018,0.593562,0.723894,0.327619,-0.127778
1759132053.198109,-0.459396,-0.483226,0.521018,0.593562,0.723894,0.327619,-0.127778
1759132053.264824,-0.460720,-0.476416,0.527002,0.596803,0.723250,0.324429,-0.124423
1759132053.264824,-0.460720,-0.476416,0.527002,0.596803,0.723250,0.324429,-0.124423
1759132053.331539,-0.462040,-0.468775,0.533674,0.600417,0.722498,0.320789,-0.120791
1759132053.331539,-0.462040,-0.468775,0.533674,0.600417,0.722498,0.320789,-0.120791
1759132053.398254,-0.463231,-0.460544,0.540743,0.604255,0.721663,0.316868,-0.116928
1759132053.398254,-0.463231,-0.460544,0.540743,0.604255,0.721663,0.316868,-0.116928
1759132053.464968,-0.464346,-0.451544,0.548402,0.608442,0.720701,0.312500,-0.112835
1759132053.464968,-0.464346,-0.451544,0.548402,0.608442,0.720701,0.312500,-0.112835
1759132053.531683,-0.465222,-0.441871,0.556651,0.612868,0.719696,0.307650,-0.108543
1759132053.531683,-0.465222,-0.441871,0.556651,0.612868,0.719696,0.307650,-0.108543
1759132053.598398,-0.465902,-0.431493,0.565341,0.617603,0.718537,0.302392,-0.104068
1759132053.598398,-0.465902,-0.431493,0.565341,0.617603,0.718537,0.302392,-0.104068
1759132053.665113,-0.466249,-0.420487,0.574493,0.622566,0.717278,0.296697,-0.099469
1759132053.665113,-0.466249,-0.420487,0.574493,0.622566,0.717278,0.296697,-0.099469
1759132053.731825,-0.466245,-0.408789,0.584109,0.627782,0.715909,0.290500,-0.094734
1759132053.731825,-0.466245,-0.408789,0.584109,0.627782,0.715909,0.290500,-0.094734
1759132053.798537,-0.465772,-0.396487,0.594172,0.633252,0.714389,0.283812,-0.089954
1759132053.798537,-0.465772,-0.396487,0.594172,0.633252,0.714389,0.283812,-0.089954
1759132053.865249,-0.464764,-0.383551,0.604663,0.638894,0.712772,0.276613,-0.085180
1759132053.865249,-0.464764,-0.383551,0.604663,0.638894,0.712772,0.276613,-0.085180
1759132053.931961,-0.463205,-0.370092,0.615472,0.644820,0.710931,0.268908,-0.080450
1759132053.931961,-0.463205,-0.370092,0.615472,0.644820,0.710931,0.268908,-0.080450
1759132053.998673,-0.460980,-0.356181,0.626525,0.650790,0.709056,0.260735,-0.075696
1759132053.998673,-0.460980,-0.356181,0.626525,0.650790,0.709056,0.260735,-0.075696
1759132054.065384,-0.458008,-0.341755,0.637833,0.657025,0.706917,0.252064,-0.071063
1759132054.065384,-0.458008,-0.341755,0.637833,0.657025,0.706917,0.252064,-0.071063
1759132054.132096,-0.454131,-0.326944,0.649523,0.663339,0.704696,0.242767,-0.066703
1759132054.132096,-0.454131,-0.326944,0.649523,0.663339,0.704696,0.242767,-0.066703
1759132054.198808,-0.449655,-0.312437,0.660810,0.669568,0.702328,0.233417,-0.062694
1759132054.198808,-0.449655,-0.312437,0.660810,0.669568,0.702328,0.233417,-0.062694
1759132054.265519,-0.444721,-0.298873,0.671343,0.675327,0.700071,0.224348,-0.059177
1759132054.265519,-0.444721,-0.298873,0.671343,0.675327,0.700071,0.224348,-0.059177
1759132054.332231,-0.439523,-0.286248,0.681112,0.680784,0.697769,0.215623,-0.056200
1759132054.332231,-0.439523,-0.286248,0.681112,0.680784,0.697769,0.215623,-0.056200
1759132054.398942,-0.434022,-0.274551,0.690240,0.685786,0.695606,0.207223,-0.053747
1759132054.398942,-0.434022,-0.274551,0.690240,0.685786,0.695606,0.207223,-0.053747
1759132054.465654,-0.428326,-0.263789,0.698695,0.690465,0.693473,0.199186,-0.051756
1759132054.465654,-0.428326,-0.263789,0.698695,0.690465,0.693473,0.199186,-0.051756
1759132054.532365,-0.422701,-0.253845,0.706336,0.694740,0.691441,0.191694,-0.049996
1759132054.532365,-0.422701,-0.253845,0.706336,0.694740,0.691441,0.191694,-0.049996
1759132054.599077,-0.416990,-0.244748,0.713455,0.698712,0.689492,0.184493,-0.048630
1759132054.599077,-0.416990,-0.244748,0.713455,0.698712,0.689492,0.184493,-0.048630
1759132054.665788,-0.411359,-0.236436,0.719962,0.702392,0.687603,0.177733,-0.047523
1759132054.665788,-0.411359,-0.236436,0.719962,0.702392,0.687603,0.177733,-0.047523
1759132054.732502,-0.405935,-0.228864,0.725870,0.705733,0.685841,0.171428,-0.046643
1759132054.732502,-0.405935,-0.228864,0.725870,0.705733,0.685841,0.171428,-0.046643
1759132054.799216,-0.400540,-0.222009,0.731362,0.708842,0.684139,0.165449,-0.046079
1759132054.799216,-0.400540,-0.222009,0.731362,0.708842,0.684139,0.165449,-0.046079
1759132054.865929,-0.395513,-0.215850,0.736237,0.711620,0.682577,0.160013,-0.045626
1759132054.865929,-0.395513,-0.215850,0.736237,0.711620,0.682577,0.160013,-0.045626
1759132054.932643,-0.390642,-0.210290,0.740709,0.714140,0.681131,0.154940,-0.045365
1759132054.932643,-0.390642,-0.210290,0.740709,0.714140,0.681131,0.154940,-0.045365
1759132054.999357,-0.386145,-0.205378,0.744670,0.716419,0.679779,0.150338,-0.045194
1759132054.999357,-0.386145,-0.205378,0.744670,0.716419,0.679779,0.150338,-0.045194
1759132055.066070,-0.381978,-0.200996,0.748206,0.718500,0.678497,0.146159,-0.045137
1759132055.066070,-0.381978,-0.200996,0.748206,0.718500,0.678497,0.146159,-0.045137
1759132055.132784,-0.378127,-0.197171,0.751356,0.720306,0.677381,0.142391,-0.045155
1759132055.132784,-0.378127,-0.197171,0.751356,0.720306,0.677381,0.142391,-0.045155
1759132055.199497,-0.374683,-0.193895,0.754070,0.721830,0.676440,0.139091,-0.045211
1759132055.199497,-0.374683,-0.193895,0.754070,0.721830,0.676440,0.139091,-0.045211
1759132055.266211,-0.371714,-0.191065,0.756358,0.723188,0.675565,0.136245,-0.045259
1759132055.266211,-0.371714,-0.191065,0.756358,0.723188,0.675565,0.136245,-0.045259
1759132055.332924,-0.369090,-0.188697,0.758320,0.724349,0.674801,0.133805,-0.045375
1759132055.332924,-0.369090,-0.188697,0.758320,0.724349,0.674801,0.133805,-0.045375
1759132055.399638,-0.366901,-0.186766,0.759925,0.725300,0.674169,0.131786,-0.045493
1759132055.399638,-0.366901,-0.186766,0.759925,0.725300,0.674169,0.131786,-0.045493
1759132055.466351,-0.365230,-0.185295,0.761137,0.726024,0.673684,0.130243,-0.045572
1759132055.466351,-0.365230,-0.185295,0.761137,0.726024,0.673684,0.130243,-0.045572
1759132055.533064,-0.363941,-0.184250,0.762084,0.726526,0.673364,0.129054,-0.045678
1759132055.533064,-0.363941,-0.184250,0.762084,0.726526,0.673364,0.129054,-0.045678
1759132055.599778,-0.363102,-0.183569,0.762743,0.726873,0.673132,0.128262,-0.045810
1759132055.599778,-0.363102,-0.183569,0.762743,0.726873,0.673132,0.128262,-0.045810
1759132055.666492,-0.362826,-0.183305,0.762968,0.727006,0.673037,0.127991,-0.045845
1759132055.666492,-0.362826,-0.183305,0.762968,0.727006,0.673037,0.127991,-0.045845
1759132055.733207,-0.362882,-0.183333,0.762895,0.726973,0.673069,0.128036,-0.045769
1759132055.733207,-0.362882,-0.183333,0.762895,0.726973,0.673069,0.128036,-0.045769
1759132055.799923,-0.362898,-0.183330,0.762833,0.726967,0.673070,0.128080,-0.045728
1759132055.799923,-0.362898,-0.183330,0.762833,0.726967,0.673070,0.128080,-0.045728
1759132055.866638,-0.362907,-0.183328,0.762799,0.726963,0.673070,0.128111,-0.045696
1759132055.866638,-0.362907,-0.183328,0.762799,0.726963,0.673070,0.128111,-0.045696
1759132055.933354,-0.362901,-0.183331,0.762795,0.726952,0.673082,0.128113,-0.045695
1759132055.933354,-0.362901,-0.183331,0.762795,0.726952,0.673082,0.128113,-0.045695
1759132056.000069,-0.362879,-0.183329,0.762813,0.726958,0.673078,0.128097,-0.045709
1759132056.000069,-0.362879,-0.183329,0.762813,0.726958,0.673078,0.128097,-0.045709
1759132056.066785,-0.362878,-0.183322,0.762823,0.726974,0.673062,0.128086,-0.045719
1759132056.066785,-0.362878,-0.183322,0.762823,0.726974,0.673062,0.128086,-0.045719
1759132056.133501,-0.362864,-0.183320,0.762826,0.726975,0.673063,0.128075,-0.045716
1759132056.133501,-0.362864,-0.183320,0.762826,0.726975,0.673063,0.128075,-0.045716
1759132056.200216,-0.362863,-0.183320,0.762828,0.726964,0.673072,0.128085,-0.045724
1759132056.200216,-0.362863,-0.183320,0.762828,0.726964,0.673072,0.128085,-0.045724
1759132056.266932,-0.362878,-0.183314,0.762818,0.726978,0.673057,0.128091,-0.045715
1759132056.266932,-0.362878,-0.183314,0.762818,0.726978,0.673057,0.128091,-0.045715
1759132056.333647,-0.362861,-0.183309,0.762832,0.726983,0.673054,0.128075,-0.045725
1759132056.333647,-0.362861,-0.183309,0.762832,0.726983,0.673054,0.128075,-0.045725
1759132056.400363,-0.362877,-0.183315,0.762825,0.726969,0.673067,0.128088,-0.045720
1759132056.400363,-0.362877,-0.183315,0.762825,0.726969,0.673067,0.128088,-0.045720
1759132056.467079,-0.362862,-0.183321,0.762827,0.726958,0.673080,0.128083,-0.045724
1759132056.467079,-0.362862,-0.183321,0.762827,0.726958,0.673080,0.128083,-0.045724
1759132056.533794,-0.362861,-0.183313,0.762837,0.726977,0.673059,0.128075,-0.045734
1759132056.533794,-0.362861,-0.183313,0.762837,0.726977,0.673059,0.128075,-0.045734
1759132056.600510,-0.362861,-0.183311,0.762835,0.726980,0.673058,0.128068,-0.045723
1759132056.600510,-0.362861,-0.183311,0.762835,0.726980,0.673058,0.128068,-0.045723
1759132056.667225,-0.362869,-0.183309,0.762829,0.726977,0.673060,0.128081,-0.045721
1759132056.667225,-0.362869,-0.183309,0.762829,0.726977,0.673060,0.128081,-0.045721
1759132056.733945,-0.362854,-0.183320,0.762829,0.726995,0.673039,0.128082,-0.045733
1759132056.733945,-0.362854,-0.183320,0.762829,0.726995,0.673039,0.128082,-0.045733
1759132056.800665,-0.362580,-0.183514,0.762824,0.727041,0.672982,0.128053,-0.045921
1759132056.800665,-0.362580,-0.183514,0.762824,0.727041,0.672982,0.128053,-0.045921
1759132056.867385,-0.362037,-0.183919,0.762738,0.727237,0.672747,0.128041,-0.046305
1759132056.867385,-0.362037,-0.183919,0.762738,0.727237,0.672747,0.128041,-0.046305
1759132056.934105,-0.361385,-0.184577,0.762620,0.727492,0.672421,0.128074,-0.046923
1759132056.934105,-0.361385,-0.184577,0.762620,0.727492,0.672421,0.128074,-0.046923
1759132057.000825,-0.360557,-0.185470,0.762444,0.727811,0.672018,0.128107,-0.047670
1759132057.000825,-0.360557,-0.185470,0.762444,0.727811,0.672018,0.128107,-0.047670
1759132057.067545,-0.359373,-0.186542,0.762255,0.728257,0.671463,0.128103,-0.048667
1759132057.067545,-0.359373,-0.186542,0.762255,0.728257,0.671463,0.128103,-0.048667
1759132057.134265,-0.357948,-0.187848,0.762033,0.728740,0.670852,0.128093,-0.049886
1759132057.134265,-0.357948,-0.187848,0.762033,0.728740,0.670852,0.128093,-0.049886
1759132057.200985,-0.356279,-0.189355,0.761759,0.729291,0.670146,0.128094,-0.051295
1759132057.200985,-0.356279,-0.189355,0.761759,0.729291,0.670146,0.128094,-0.051295
1759132057.267705,-0.354413,-0.191059,0.761427,0.729962,0.669294,0.128080,-0.052879
1759132057.267705,-0.354413,-0.191059,0.761427,0.729962,0.669294,0.128080,-0.052879
1759132057.334425,-0.352248,-0.192941,0.761093,0.730768,0.668279,0.128009,-0.054728
1759132057.334425,-0.352248,-0.192941,0.761093,0.730768,0.668279,0.128009,-0.054728
1759132057.401145,-0.349801,-0.195027,0.760692,0.731560,0.667261,0.127924,-0.056734
1759132057.401145,-0.349801,-0.195027,0.760692,0.731560,0.667261,0.127924,-0.056734
1759132057.467866,-0.347079,-0.197294,0.760297,0.732473,0.666091,0.127770,-0.058990
1759132057.467866,-0.347079,-0.197294,0.760297,0.732473,0.666091,0.127770,-0.058990
1759132057.534586,-0.344133,-0.199713,0.759832,0.733481,0.664796,0.127587,-0.061433
1759132057.534586,-0.344133,-0.199713,0.759832,0.733481,0.664796,0.127587,-0.061433
1759132057.601307,-0.340954,-0.202298,0.759236,0.734520,0.663437,0.127419,-0.064001
1759132057.601307,-0.340954,-0.202298,0.759236,0.734520,0.663437,0.127419,-0.064001
1759132057.668027,-0.337459,-0.205005,0.758669,0.735718,0.661878,0.127142,-0.066863
1759132057.668027,-0.337459,-0.205005,0.758669,0.735718,0.661878,0.127142,-0.066863
1759132057.734741,-0.333639,-0.207875,0.758086,0.736900,0.660319,0.126745,-0.069944
1759132057.734741,-0.333639,-0.207875,0.758086,0.736900,0.660319,0.126745,-0.069944
1759132057.801456,-0.329505,-0.210817,0.757499,0.738251,0.658553,0.126214,-0.073234
1759132057.801456,-0.329505,-0.210817,0.757499,0.738251,0.658553,0.126214,-0.073234
1759132057.868170,-0.325090,-0.213876,0.756868,0.739647,0.656702,0.125591,-0.076755
1759132057.868170,-0.325090,-0.213876,0.756868,0.739647,0.656702,0.125591,-0.076755
1759132057.934885,-0.320390,-0.217030,0.756160,0.741070,0.654790,0.124880,-0.080437
1759132057.934885,-0.320390,-0.217030,0.756160,0.741070,0.654790,0.124880,-0.080437
1759132058.001599,-0.315435,-0.220233,0.755367,0.742643,0.652671,0.124072,-0.084302
1759132058.001599,-0.315435,-0.220233,0.755367,0.742643,0.652671,0.124072,-0.084302
1759132058.068313,-0.310158,-0.223513,0.754541,0.744242,0.650489,0.123114,-0.088383
1759132058.068313,-0.310158,-0.223513,0.754541,0.744242,0.650489,0.123114,-0.088383
1759132058.135028,-0.304498,-0.226781,0.753757,0.745897,0.648215,0.121902,-0.092706
1759132058.135028,-0.304498,-0.226781,0.753757,0.745897,0.648215,0.121902,-0.092706
1759132058.201742,-0.298477,-0.230083,0.752958,0.747645,0.645806,0.120466,-0.097213
1759132058.201742,-0.298477,-0.230083,0.752958,0.747645,0.645806,0.120466,-0.097213
1759132058.268456,-0.292219,-0.233385,0.751998,0.749463,0.643267,0.118919,-0.101837
1759132058.268456,-0.292219,-0.233385,0.751998,0.749463,0.643267,0.118919,-0.101837
1759132058.335171,-0.285768,-0.236579,0.751023,0.751327,0.640631,0.117209,-0.106594
1759132058.335171,-0.285768,-0.236579,0.751023,0.751327,0.640631,0.117209,-0.106594
1759132058.401885,-0.279231,-0.239599,0.750177,0.753179,0.638007,0.115202,-0.111343
1759132058.401885,-0.279231,-0.239599,0.750177,0.753179,0.638007,0.115202,-0.111343
1759132058.468599,-0.272609,-0.242407,0.749266,0.755004,0.635385,0.113093,-0.116039
1759132058.468599,-0.272609,-0.242407,0.749266,0.755004,0.635385,0.113093,-0.116039
1759132058.535313,-0.265976,-0.245085,0.748306,0.756780,0.632792,0.110876,-0.120686
1759132058.535313,-0.265976,-0.245085,0.748306,0.756780,0.632792,0.110876,-0.120686
1759132058.602027,-0.259404,-0.247561,0.747395,0.758575,0.630157,0.108513,-0.125267
1759132058.602027,-0.259404,-0.247561,0.747395,0.758575,0.630157,0.108513,-0.125267
1759132058.668741,-0.252681,-0.249896,0.746488,0.760387,0.627477,0.105911,-0.129874
1759132058.668741,-0.252681,-0.249896,0.746488,0.760387,0.627477,0.105911,-0.129874
1759132058.735456,-0.245921,-0.252036,0.745542,0.762140,0.624845,0.103207,-0.134385
1759132058.735456,-0.245921,-0.252036,0.745542,0.762140,0.624845,0.103207,-0.134385
1759132058.802171,-0.239169,-0.253991,0.744604,0.763917,0.622167,0.100341,-0.138818
1759132058.802171,-0.239169,-0.253991,0.744604,0.763917,0.622167,0.100341,-0.138818
1759132058.868886,-0.232421,-0.255770,0.743718,0.765685,0.619475,0.097289,-0.143220
1759132058.868886,-0.232421,-0.255770,0.743718,0.765685,0.619475,0.097289,-0.143220
1759132058.935601,-0.225685,-0.257436,0.742713,0.767381,0.616839,0.094210,-0.147515
1759132058.935601,-0.225685,-0.257436,0.742713,0.767381,0.616839,0.094210,-0.147515
1759132059.002316,-0.218873,-0.258855,0.741752,0.769105,0.614150,0.090909,-0.151767
1759132059.002316,-0.218873,-0.258855,0.741752,0.769105,0.614150,0.090909,-0.151767
1759132059.069031,-0.212021,-0.260098,0.740867,0.770822,0.611455,0.087363,-0.155959
1759132059.069031,-0.212021,-0.260098,0.740867,0.770822,0.611455,0.087363,-0.155959
1759132059.135746,-0.205211,-0.261188,0.739962,0.772519,0.608754,0.083735,-0.160067
1759132059.135746,-0.205211,-0.261188,0.739962,0.772519,0.608754,0.083735,-0.160067
1759132059.202461,-0.198456,-0.262139,0.738932,0.774229,0.606006,0.080054,-0.164065
1759132059.202461,-0.198456,-0.262139,0.738932,0.774229,0.606006,0.080054,-0.164065
1759132059.269176,-0.191677,-0.262908,0.737921,0.775900,0.603290,0.076223,-0.167957
1759132059.269176,-0.191677,-0.262908,0.737921,0.775900,0.603290,0.076223,-0.167957
1759132059.335891,-0.184793,-0.263451,0.737065,0.777562,0.600574,0.072051,-0.171802
1759132059.335891,-0.184793,-0.263451,0.737065,0.777562,0.600574,0.072051,-0.171802
1759132059.402606,-0.178023,-0.263870,0.736053,0.779211,0.597837,0.067924,-0.175520
1759132059.402606,-0.178023,-0.263870,0.736053,0.779211,0.597837,0.067924,-0.175520
1759132059.469321,-0.171287,-0.264165,0.734989,0.780805,0.595138,0.063720,-0.179147
1759132059.469321,-0.171287,-0.264165,0.734989,0.780805,0.595138,0.063720,-0.179147
1759132059.536036,-0.164529,-0.264249,0.734024,0.782417,0.592403,0.059268,-0.182675
1759132059.536036,-0.164529,-0.264249,0.734024,0.782417,0.592403,0.059268,-0.182675
1759132059.602751,-0.157766,-0.264115,0.733066,0.784062,0.589609,0.054633,-0.186074
1759132059.602751,-0.157766,-0.264115,0.733066,0.784062,0.589609,0.054633,-0.186074
1759132059.669466,-0.151061,-0.263878,0.731999,0.785663,0.586833,0.049985,-0.189372
1759132059.669466,-0.151061,-0.263878,0.731999,0.785663,0.586833,0.049985,-0.189372
1759132059.736179,-0.144423,-0.263505,0.730931,0.787236,0.584072,0.045230,-0.192545
1759132059.736179,-0.144423,-0.263505,0.730931,0.787236,0.584072,0.045230,-0.192545
1759132059.802891,-0.137792,-0.262926,0.729948,0.788834,0.581270,0.040256,-0.195565
1759132059.802891,-0.137792,-0.262926,0.729948,0.788834,0.581270,0.040256,-0.195565
1759132059.869604,-0.131144,-0.262191,0.728873,0.790344,0.578551,0.035208,-0.198483
1759132059.869604,-0.131144,-0.262191,0.728873,0.790344,0.578551,0.035208,-0.198483
1759132059.936316,-0.124581,-0.261285,0.727773,0.791901,0.575744,0.030072,-0.201266
1759132059.936316,-0.124581,-0.261285,0.727773,0.791901,0.575744,0.030072,-0.201266
1759132060.003029,-0.118096,-0.260262,0.726701,0.793447,0.572930,0.024807,-0.203909
1759132060.003029,-0.118096,-0.260262,0.726701,0.793447,0.572930,0.024807,-0.203909
1759132060.069741,-0.111608,-0.259083,0.725612,0.794941,0.570151,0.019421,-0.206445
1759132060.069741,-0.111608,-0.259083,0.725612,0.794941,0.570151,0.019421,-0.206445
1759132060.136454,-0.105205,-0.257710,0.724456,0.796495,0.567267,0.013974,-0.208828
1759132060.136454,-0.105205,-0.257710,0.724456,0.796495,0.567267,0.013974,-0.208828
1759132060.203166,-0.098800,-0.256201,0.723324,0.797965,0.564492,0.008374,-0.211024
1759132060.203166,-0.098800,-0.256201,0.723324,0.797965,0.564492,0.008374,-0.211024
1759132060.269878,-0.092502,-0.254557,0.722240,0.799443,0.561678,0.002647,-0.213076
1759132060.269878,-0.092502,-0.254557,0.722240,0.799443,0.561678,0.002647,-0.213076
1759132060.336591,-0.086294,-0.252784,0.720993,0.800918,0.558825,-0.003017,-0.215024
1759132060.336591,-0.086294,-0.252784,0.720993,0.800918,0.558825,-0.003017,-0.215024
1759132060.403303,-0.080091,-0.250868,0.719752,0.802333,0.556042,-0.008840,-0.216796
1759132060.403303,-0.080091,-0.250868,0.719752,0.802333,0.556042,-0.008840,-0.216796
1759132060.470015,-0.073962,-0.248753,0.718583,0.803782,0.553192,-0.014822,-0.218390
1759132060.470015,-0.073962,-0.248753,0.718583,0.803782,0.553192,-0.014822,-0.218390
1759132060.536727,-0.067925,-0.246514,0.717378,0.805239,0.550297,-0.020853,-0.219837
1759132060.536727,-0.067925,-0.246514,0.717378,0.805239,0.550297,-0.020853,-0.219837
1759132060.603440,-0.061957,-0.244192,0.716064,0.806644,0.547446,-0.026889,-0.221146
1759132060.603440,-0.061957,-0.244192,0.716064,0.806644,0.547446,-0.026889,-0.221146
1759132060.670152,-0.056082,-0.241705,0.714758,0.808052,0.544569,-0.033017,-0.222274
1759132060.670152,-0.056082,-0.241705,0.714758,0.808052,0.544569,-0.033017,-0.222274
1759132060.736867,-0.050221,-0.239014,0.713519,0.809440,0.541712,-0.039330,-0.223180
1759132060.736867,-0.050221,-0.239014,0.713519,0.809440,0.541712,-0.039330,-0.223180
1759132060.803582,-0.044495,-0.236277,0.712150,0.810779,0.538896,-0.045550,-0.223952
1759132060.803582,-0.044495,-0.236277,0.712150,0.810779,0.538896,-0.045550,-0.223952
1759132060.870297,-0.038994,-0.233488,0.710774,0.812119,0.536050,-0.051711,-0.224585
1759132060.870297,-0.038994,-0.233488,0.710774,0.812119,0.536050,-0.051711,-0.224585
1759132060.937012,-0.033764,-0.230683,0.709473,0.813383,0.533347,-0.057704,-0.224988
1759132060.937012,-0.033764,-0.230683,0.709473,0.813383,0.533347,-0.057704,-0.224988
1759132061.003728,-0.028825,-0.227833,0.708269,0.814619,0.530704,-0.063557,-0.225188
1759132061.003728,-0.028825,-0.227833,0.708269,0.814619,0.530704,-0.063557,-0.225188
1759132061.070443,-0.024220,-0.225084,0.706998,0.815729,0.528259,-0.069035,-0.225304
1759132061.070443,-0.024220,-0.225084,0.706998,0.815729,0.528259,-0.069035,-0.225304
1759132061.137158,-0.019910,-0.222447,0.705747,0.816724,0.526001,-0.074230,-0.225334
1759132061.137158,-0.019910,-0.222447,0.705747,0.816724,0.526001,-0.074230,-0.225334
1759132061.203873,-0.015905,-0.219812,0.704661,0.817808,0.523648,-0.079291,-0.225159
1759132061.203873,-0.015905,-0.219812,0.704661,0.817808,0.523648,-0.079291,-0.225159
1759132061.270588,-0.012153,-0.217295,0.703591,0.818713,0.521587,-0.084042,-0.224927
1759132061.270588,-0.012153,-0.217295,0.703591,0.818713,0.521587,-0.084042,-0.224927
1759132061.337304,-0.008675,-0.214842,0.702505,0.819586,0.519601,-0.088499,-0.224636
1759132061.337304,-0.008675,-0.214842,0.702505,0.819586,0.519601,-0.088499,-0.224636
1759132061.404019,-0.005447,-0.212487,0.701504,0.820418,0.517717,-0.092711,-0.224251
1759132061.404019,-0.005447,-0.212487,0.701504,0.820418,0.517717,-0.092711,-0.224251
1759132061.470734,-0.002495,-0.210279,0.700572,0.821145,0.516025,-0.096627,-0.223835
1759132061.470734,-0.002495,-0.210279,0.700572,0.821145,0.516025,-0.096627,-0.223835
1759132061.537449,0.000226,-0.208186,0.699689,0.821879,0.514349,-0.100289,-0.223388
1759132061.537449,0.000226,-0.208186,0.699689,0.821879,0.514349,-0.100289,-0.223388
1759132061.604165,0.002704,-0.206267,0.698856,0.822484,0.512893,-0.103672,-0.222966
1759132061.604165,0.002704,-0.206267,0.698856,0.822484,0.512893,-0.103672,-0.222966
1759132061.670880,0.004964,-0.204404,0.698129,0.823084,0.511505,-0.106803,-0.222458
1759132061.670880,0.004964,-0.204404,0.698129,0.823084,0.511505,-0.106803,-0.222458
1759132061.737594,0.006963,-0.202763,0.697379,0.823631,0.510217,-0.109583,-0.222043
1759132061.737594,0.006963,-0.202763,0.697379,0.823631,0.510217,-0.109583,-0.222043
1759132061.804308,0.008760,-0.201279,0.696723,0.824048,0.509179,-0.112076,-0.221631
1759132061.804308,0.008760,-0.201279,0.696723,0.824048,0.509179,-0.112076,-0.221631
1759132061.871022,0.010378,-0.199869,0.696161,0.824480,0.508152,-0.114392,-0.221200
1759132061.871022,0.010378,-0.199869,0.696161,0.824480,0.508152,-0.114392,-0.221200
1759132061.937737,0.011767,-0.198633,0.695692,0.824869,0.507246,-0.116399,-0.220778
1759132061.937737,0.011767,-0.198633,0.695692,0.824869,0.507246,-0.116399,-0.220778
1759132062.004451,0.012923,-0.197627,0.695227,0.825185,0.506486,-0.118058,-0.220464
1759132062.004451,0.012923,-0.197627,0.695227,0.825185,0.506486,-0.118058,-0.220464
1759132062.071165,0.013881,-0.196784,0.694862,0.825427,0.505888,-0.119436,-0.220186
1759132062.071165,0.013881,-0.196784,0.694862,0.825427,0.505888,-0.119436,-0.220186
1759132062.137879,0.014666,-0.196088,0.694591,0.825626,0.505397,-0.120586,-0.219943
1759132062.137879,0.014666,-0.196088,0.694591,0.825626,0.505397,-0.120586,-0.219943
1759132062.204593,0.015249,-0.195539,0.694381,0.825801,0.505005,-0.121437,-0.219717
1759132062.204593,0.015249,-0.195539,0.694381,0.825801,0.505005,-0.121437,-0.219717
1759132062.271307,0.015618,-0.195243,0.694209,0.825892,0.504771,-0.121957,-0.219627
1759132062.271307,0.015618,-0.195243,0.694209,0.825892,0.504771,-0.121957,-0.219627
1759132062.338021,0.015779,-0.195146,0.694197,0.825953,0.504622,-0.122236,-0.219581
1759132062.338021,0.015779,-0.195146,0.694197,0.825953,0.504622,-0.122236,-0.219581
1759132062.404735,0.015780,-0.195135,0.694210,0.825983,0.504569,-0.122271,-0.219574
1759132062.404735,0.015780,-0.195135,0.694210,0.825983,0.504569,-0.122271,-0.219574
1759132062.471449,0.015791,-0.195080,0.694222,0.825994,0.504552,-0.122307,-0.219549
1759132062.471449,0.015791,-0.195080,0.694222,0.825994,0.504552,-0.122307,-0.219549
1759132062.538163,0.015812,-0.194998,0.694207,0.826007,0.504538,-0.122342,-0.219515
1759132062.538163,0.015812,-0.194998,0.694207,0.826007,0.504538,-0.122342,-0.219515
1759132062.604877,0.015817,-0.194999,0.694153,0.825984,0.504568,-0.122306,-0.219549
1759132062.604877,0.015817,-0.194999,0.694153,0.825984,0.504568,-0.122306,-0.219549
1759132062.671591,0.015821,-0.195021,0.694139,0.825972,0.504582,-0.122304,-0.219567
1759132062.671591,0.015821,-0.195021,0.694139,0.825972,0.504582,-0.122304,-0.219567
1759132062.738308,0.015828,-0.195019,0.694137,0.825962,0.504603,-0.122302,-0.219558
1759132062.738308,0.015828,-0.195019,0.694137,0.825962,0.504603,-0.122302,-0.219558
1759132062.805025,0.015828,-0.195013,0.694151,0.825970,0.504588,-0.122317,-0.219552
1759132062.805025,0.015828,-0.195013,0.694151,0.825970,0.504588,-0.122317,-0.219552
1759132062.871742,0.015828,-0.195018,0.694151,0.825965,0.504599,-0.122313,-0.219549
1759132062.871742,0.015828,-0.195018,0.694151,0.825965,0.504599,-0.122313,-0.219549
1759132062.938459,0.015832,-0.195007,0.694147,0.825960,0.504606,-0.122312,-0.219551
1759132062.938459,0.015832,-0.195007,0.694147,0.825960,0.504606,-0.122312,-0.219551
1759132063.005176,0.015832,-0.195011,0.694145,0.825958,0.504613,-0.122298,-0.219551
1759132063.005176,0.015832,-0.195011,0.694145,0.825958,0.504613,-0.122298,-0.219551
1759132063.071893,0.015829,-0.195011,0.694145,0.825963,0.504597,-0.122306,-0.219563
1759132063.071893,0.015829,-0.195011,0.694145,0.825963,0.504597,-0.122306,-0.219563
1759132063.138610,0.015830,-0.195013,0.694143,0.825960,0.504606,-0.122298,-0.219558
1759132063.138610,0.015830,-0.195013,0.694143,0.825960,0.504606,-0.122298,-0.219558
1759132063.205327,0.015832,-0.195013,0.694144,0.825963,0.504605,-0.122306,-0.219547
1759132063.205327,0.015832,-0.195013,0.694144,0.825963,0.504605,-0.122306,-0.219547
1759132063.272044,0.015827,-0.195015,0.694149,0.825968,0.504596,-0.122313,-0.219544
