timestamp,cam_x,cam_y,cam_z,cam_rx,cam_ry,cam_rz,cam_rw
1760625100.798710,0.345673,0.171292,0.518645,0.702065,-0.712090,0.005769,0.000533
1760625100.932136,0.345669,0.171286,0.518653,0.702065,-0.712089,0.005777,0.000532
1760625100.998850,0.345680,0.171288,0.518656,0.702064,-0.712091,0.005777,0.000524
1760625100.998850,0.345680,0.171288,0.518656,0.702064,-0.712091,0.005777,0.000524
1760625101.065563,0.345881,0.171256,0.518525,0.702057,-0.712097,0.005735,0.000685
1760625101.065563,0.345881,0.171256,0.518525,0.702057,-0.712097,0.005735,0.000685
1760625101.132277,0.346473,0.171142,0.518389,0.702059,-0.712094,0.005859,0.000969
1760625101.132277,0.346473,0.171142,0.518389,0.702059,-0.712094,0.005859,0.000969
1760625101.198990,0.347437,0.170978,0.518236,0.702039,-0.712111,0.006057,0.001354
1760625101.198990,0.347437,0.170978,0.518236,0.702039,-0.712111,0.006057,0.001354
1760625101.265704,0.348793,0.170697,0.517856,0.701969,-0.712177,0.006254,0.002031
1760625101.265704,0.348793,0.170697,0.517856,0.701969,-0.712177,0.006254,0.002031
1760625101.332417,0.350566,0.170270,0.517307,0.701828,-0.712311,0.006465,0.002925
1760625101.332417,0.350566,0.170270,0.517307,0.701828,-0.712311,0.006465,0.002925
1760625101.399131,0.352674,0.169805,0.516719,0.701690,-0.712439,0.006772,0.003952
1760625101.399131,0.352674,0.169805,0.516719,0.701690,-0.712439,0.006772,0.003952
1760625101.465844,0.355158,0.169279,0.515992,0.701573,-0.712543,0.007111,0.005192
1760625101.465844,0.355158,0.169279,0.515992,0.701573,-0.712543,0.007111,0.005192
1760625101.532557,0.358043,0.168656,0.515143,0.701398,-0.712700,0.007487,0.006604
1760625101.532557,0.358043,0.168656,0.515143,0.701398,-0.712700,0.007487,0.006604
1760625101.599271,0.361296,0.167933,0.514162,0.701198,-0.712875,0.007932,0.008224
1760625101.599271,0.361296,0.167933,0.514162,0.701198,-0.712875,0.007932,0.008224
1760625101.665984,0.364913,0.167145,0.513044,0.701007,-0.713034,0.008417,0.010019
1760625101.665984,0.364913,0.167145,0.513044,0.701007,-0.713034,0.008417,0.010019
1760625101.732697,0.368848,0.166282,0.511844,0.700787,-0.713214,0.009033,0.011931
1760625101.732697,0.368848,0.166282,0.511844,0.700787,-0.713214,0.009033,0.011931
1760625101.799411,0.373215,0.165340,0.510444,0.700548,-0.713402,0.009614,0.014065
1760625101.799411,0.373215,0.165340,0.510444,0.700548,-0.713402,0.009614,0.014065
1760625101.866124,0.377989,0.164295,0.508800,0.700286,-0.713600,0.010207,0.016469
1760625101.866124,0.377989,0.164295,0.508800,0.700286,-0.713600,0.010207,0.016469
1760625101.932837,0.383086,0.163137,0.507100,0.699974,-0.713833,0.010955,0.018946
1760625101.932837,0.383086,0.163137,0.507100,0.699974,-0.713833,0.010955,0.018946
1760625101.999554,0.388557,0.161917,0.505171,0.699674,-0.714038,0.011712,0.021648
1760625101.999554,0.388557,0.161917,0.505171,0.699674,-0.714038,0.011712,0.021648
1760625102.066272,0.394387,0.160621,0.503011,0.699368,-0.714230,0.012482,0.024577
1760625102.066272,0.394387,0.160621,0.503011,0.699368,-0.714230,0.012482,0.024577
1760625102.132989,0.400540,0.159218,0.500709,0.699018,-0.714445,0.013387,0.027626
1760625102.132989,0.400540,0.159218,0.500709,0.699018,-0.714445,0.013387,0.027626
1760625102.199706,0.407131,0.157706,0.498090,0.698638,-0.714665,0.014242,0.030926
1760625102.199706,0.407131,0.157706,0.498090,0.698638,-0.714665,0.014242,0.030926
1760625102.266423,0.414023,0.156121,0.495331,0.698264,-0.714854,0.015247,0.034335
1760625102.266423,0.414023,0.156121,0.495331,0.698264,-0.714854,0.015247,0.034335
1760625102.333140,0.421187,0.154442,0.492288,0.697846,-0.715059,0.016191,0.037929
1760625102.333140,0.421187,0.154442,0.492288,0.697846,-0.715059,0.016191,0.037929
1760625102.399858,0.427997,0.152806,0.489330,0.697442,-0.715241,0.017176,0.041351
1760625102.399858,0.427997,0.152806,0.489330,0.697442,-0.715241,0.017176,0.041351
1760625102.466575,0.434453,0.151283,0.486370,0.697088,-0.715368,0.018036,0.044624
1760625102.466575,0.434453,0.151283,0.486370,0.697088,-0.715368,0.018036,0.044624
1760625102.533293,0.440441,0.149812,0.483562,0.696711,-0.715517,0.018868,0.047669
1760625102.533293,0.440441,0.149812,0.483562,0.696711,-0.715517,0.018868,0.047669
1760625102.600010,0.446087,0.148449,0.480861,0.696382,-0.715622,0.019639,0.050509
1760625102.600010,0.446087,0.148449,0.480861,0.696382,-0.715622,0.019639,0.050509
1760625102.666727,0.451320,0.147193,0.478262,0.696095,-0.715689,0.020352,0.053170
1760625102.666727,0.451320,0.147193,0.478262,0.696095,-0.715689,0.020352,0.053170
1760625102.733445,0.456198,0.145989,0.475806,0.695822,-0.715746,0.021050,0.055655
1760625102.733445,0.456198,0.145989,0.475806,0.695822,-0.715746,0.021050,0.055655
1760625102.800162,0.460732,0.144872,0.473448,0.695557,-0.715799,0.021680,0.057976
1760625102.800162,0.460732,0.144872,0.473448,0.695557,-0.715799,0.021680,0.057976
1760625102.866879,0.464861,0.143830,0.471273,0.695297,-0.715861,0.022260,0.060087
1760625102.866879,0.464861,0.143830,0.471273,0.695297,-0.715861,0.022260,0.060087
1760625102.933597,0.468560,0.142871,0.469290,0.695068,-0.715902,0.022817,0.062002
1760625102.933597,0.468560,0.142871,0.469290,0.695068,-0.715902,0.022817,0.062002
1760625103.000314,0.471989,0.141988,0.467418,0.694852,-0.715941,0.023273,0.063768
1760625103.000314,0.471989,0.141988,0.467418,0.694852,-0.715941,0.023273,0.063768
1760625103.067030,0.475014,0.141218,0.465716,0.694670,-0.715963,0.023677,0.065341
1760625103.067030,0.475014,0.141218,0.465716,0.694670,-0.715963,0.023677,0.065341
1760625103.133747,0.477663,0.140540,0.464222,0.694518,-0.715973,0.024050,0.066709
1760625103.133747,0.477663,0.140540,0.464222,0.694518,-0.715973,0.024050,0.066709
1760625103.200464,0.479947,0.139966,0.462939,0.694382,-0.715984,0.024380,0.067870
1760625103.200464,0.479947,0.139966,0.462939,0.694382,-0.715984,0.024380,0.067870
1760625103.267181,0.481868,0.139496,0.461845,0.694290,-0.715968,0.024671,0.068866
1760625103.267181,0.481868,0.139496,0.461845,0.694290,-0.715968,0.024671,0.068866
1760625103.333897,0.483443,0.139106,0.460899,0.694212,-0.715955,0.024869,0.069716
1760625103.333897,0.483443,0.139106,0.460899,0.694212,-0.715955,0.024869,0.069716
1760625103.400614,0.484666,0.138755,0.460211,0.694105,-0.715993,0.025037,0.070326
1760625103.400614,0.484666,0.138755,0.460211,0.694105,-0.715993,0.025037,0.070326
1760625103.467331,0.485529,0.138501,0.459646,0.694035,-0.716010,0.025113,0.070815
1760625103.467331,0.485529,0.138501,0.459646,0.694035,-0.716010,0.025113,0.070815
1760625103.534048,0.486004,0.138386,0.459256,0.694006,-0.716006,0.025102,0.071139
1760625103.534048,0.486004,0.138386,0.459256,0.694006,-0.716006,0.025102,0.071139
1760625103.600765,0.486109,0.138356,0.459227,0.694008,-0.715998,0.025183,0.071169
1760625103.600765,0.486109,0.138356,0.459227,0.694008,-0.715998,0.025183,0.071169
1760625103.667482,0.486116,0.138342,0.459274,0.693996,-0.716011,0.025230,0.071142
1760625103.667482,0.486116,0.138342,0.459274,0.693996,-0.716011,0.025230,0.071142
1760625103.734199,0.486135,0.138337,0.459359,0.693992,-0.716018,0.025289,0.071090
1760625103.734199,0.486135,0.138337,0.459359,0.693992,-0.716018,0.025289,0.071090
1760625103.800915,0.486150,0.138340,0.459352,0.693999,-0.716012,0.025287,0.071084
1760625103.800915,0.486150,0.138340,0.459352,0.693999,-0.716012,0.025287,0.071084
1760625103.867633,0.486165,0.138318,0.459353,0.693979,-0.716031,0.025287,0.071092
1760625103.867633,0.486165,0.138318,0.459353,0.693979,-0.716031,0.025287,0.071092
1760625103.934349,0.486156,0.138325,0.459353,0.693981,-0.716028,0.025286,0.071098
1760625103.934349,0.486156,0.138325,0.459353,0.693981,-0.716028,0.025286,0.071098
1760625104.001067,0.486177,0.138329,0.459336,0.693985,-0.716025,0.025270,0.071099
1760625104.001067,0.486177,0.138329,0.459336,0.693985,-0.716025,0.025270,0.071099
1760625104.067784,0.486170,0.138330,0.459326,0.693994,-0.716015,0.025263,0.071110
1760625104.067784,0.486170,0.138330,0.459326,0.693994,-0.716015,0.025263,0.071110
1760625104.134502,0.486163,0.138336,0.459325,0.693994,-0.716015,0.025253,0.071113
1760625104.134502,0.486163,0.138336,0.459325,0.693994,-0.716015,0.025253,0.071113
1760625104.201219,0.486167,0.138324,0.459354,0.693982,-0.716027,0.025279,0.071091
1760625104.201219,0.486167,0.138324,0.459354,0.693982,-0.716027,0.025279,0.071091
1760625104.267937,0.486164,0.138339,0.459324,0.694000,-0.716009,0.025255,0.071114
1760625104.267937,0.486164,0.138339,0.459324,0.694000,-0.716009,0.025255,0.071114
1760625104.334655,0.486168,0.138339,0.459319,0.694000,-0.716009,0.025252,0.071116
1760625104.334655,0.486168,0.138339,0.459319,0.694000,-0.716009,0.025252,0.071116
1760625104.401372,0.486169,0.138330,0.459325,0.693988,-0.716022,0.025252,0.071107
1760625104.401372,0.486169,0.138330,0.459325,0.693988,-0.716022,0.025252,0.071107
1760625104.468090,0.486171,0.138329,0.459324,0.693990,-0.716018,0.025255,0.071115
1760625104.468090,0.486171,0.138329,0.459324,0.693990,-0.716018,0.025255,0.071115
1760625104.534808,0.486169,0.138333,0.459318,0.693987,-0.716022,0.025244,0.071107
1760625104.534808,0.486169,0.138333,0.459318,0.693987,-0.716022,0.025244,0.071107
1760625104.601525,0.486171,0.138327,0.459327,0.693980,-0.716028,0.025258,0.071112
1760625104.601525,0.486171,0.138327,0.459327,0.693980,-0.716028,0.025258,0.071112
1760625104.668243,0.486171,0.138325,0.459339,0.693989,-0.716020,0.025266,0.071105
1760625104.668243,0.486171,0.138325,0.459339,0.693989,-0.716020,0.025266,0.071105
1760625104.734961,0.486307,0.138150,0.459329,0.693946,-0.716068,0.025097,0.071109
1760625104.734961,0.486307,0.138150,0.459329,0.693946,-0.716068,0.025097,0.071109
1760625104.801679,0.486749,0.137721,0.459241,0.693928,-0.716097,0.024530,0.071188
1760625104.801679,0.486749,0.137721,0.459241,0.693928,-0.716097,0.024530,0.071188
1760625104.868397,0.487203,0.137208,0.459063,0.694085,-0.715962,0.023593,0.071326
1760625104.868397,0.487203,0.137208,0.459063,0.694085,-0.715962,0.023593,0.071326
1760625104.935115,0.487748,0.136567,0.458821,0.694365,-0.715717,0.022251,0.071494
1760625104.935115,0.487748,0.136567,0.458821,0.694365,-0.715717,0.022251,0.071494
1760625105.001829,0.488637,0.135555,0.458545,0.694548,-0.715573,0.020529,0.071674
1760625105.001829,0.488637,0.135555,0.458545,0.694548,-0.715573,0.020529,0.071674
1760625105.068543,0.489687,0.134355,0.458211,0.694819,-0.715344,0.018467,0.071896
1760625105.068543,0.489687,0.134355,0.458211,0.694819,-0.715344,0.018467,0.071896
1760625105.135257,0.490910,0.132950,0.457811,0.695149,-0.715057,0.016031,0.072141
1760625105.135257,0.490910,0.132950,0.457811,0.695149,-0.715057,0.016031,0.072141
1760625105.201971,0.492348,0.131272,0.457330,0.695441,-0.714805,0.013185,0.072395
1760625105.201971,0.492348,0.131272,0.457330,0.695441,-0.714805,0.013185,0.072395
1760625105.268684,0.493951,0.129347,0.456825,0.695767,-0.714515,0.010006,0.072637
1760625105.268684,0.493951,0.129347,0.456825,0.695767,-0.714515,0.010006,0.072637
1760625105.335398,0.495767,0.127159,0.456182,0.696147,-0.714157,0.006389,0.072927
1760625105.335398,0.495767,0.127159,0.456182,0.696147,-0.714157,0.006389,0.072927
1760625105.402112,0.497737,0.124767,0.455519,0.696594,-0.713722,0.002388,0.073155
1760625105.402112,0.497737,0.124767,0.455519,0.696594,-0.713722,0.002388,0.073155
1760625105.468825,0.499880,0.122122,0.454866,0.697022,-0.713293,-0.001910,0.073285
1760625105.468825,0.499880,0.122122,0.454866,0.697022,-0.713293,-0.001910,0.073285
1760625105.535539,0.502166,0.119196,0.454167,0.697463,-0.712826,-0.006590,0.073355
1760625105.535539,0.502166,0.119196,0.454167,0.697463,-0.712826,-0.006590,0.073355
1760625105.602253,0.504621,0.115968,0.453382,0.697937,-0.712297,-0.011702,0.073350
1760625105.602253,0.504621,0.115968,0.453382,0.697937,-0.712297,-0.011702,0.073350
1760625105.668966,0.507253,0.112524,0.452513,0.698395,-0.711749,-0.017216,0.073227
1760625105.668966,0.507253,0.112524,0.452513,0.698395,-0.711749,-0.017216,0.073227
1760625105.735680,0.510034,0.108778,0.451549,0.698852,-0.711151,-0.023105,0.073053
1760625105.735680,0.510034,0.108778,0.451549,0.698852,-0.711151,-0.023105,0.073053
1760625105.802394,0.512935,0.104653,0.450650,0.699302,-0.710522,-0.029300,0.072634
1760625105.802394,0.512935,0.104653,0.450650,0.699302,-0.710522,-0.029300,0.072634
1760625105.869107,0.515945,0.100284,0.449713,0.699713,-0.709876,-0.035864,0.072059
1760625105.869107,0.515945,0.100284,0.449713,0.699713,-0.709876,-0.035864,0.072059
1760625105.935821,0.519136,0.095562,0.448651,0.700169,-0.709114,-0.042874,0.071282
1760625105.935821,0.519136,0.095562,0.448651,0.700169,-0.709114,-0.042874,0.071282
1760625106.002538,0.522433,0.090500,0.447561,0.700471,-0.708434,-0.050212,0.070289
1760625106.002538,0.522433,0.090500,0.447561,0.700471,-0.708434,-0.050212,0.070289
1760625106.069255,0.525788,0.085144,0.446557,0.700858,-0.707606,-0.057772,0.068946
1760625106.069255,0.525788,0.085144,0.446557,0.700858,-0.707606,-0.057772,0.068946
1760625106.135972,0.529331,0.079299,0.445372,0.701074,-0.706836,-0.065843,0.067397
1760625106.135972,0.529331,0.079299,0.445372,0.701074,-0.706836,-0.065843,0.067397
1760625106.202690,0.532889,0.073191,0.444179,0.701328,-0.705934,-0.074233,0.065470
1760625106.202690,0.532889,0.073191,0.444179,0.701328,-0.705934,-0.074233,0.065470
1760625106.269407,0.536529,0.066664,0.443125,0.701466,-0.705064,-0.082747,0.063111
1760625106.269407,0.536529,0.066664,0.443125,0.701466,-0.705064,-0.082747,0.063111
1760625106.336124,0.540252,0.059707,0.441831,0.701502,-0.704138,-0.091786,0.060490
1760625106.336124,0.540252,0.059707,0.441831,0.701502,-0.704138,-0.091786,0.060490
1760625106.402842,0.543974,0.052358,0.440653,0.701512,-0.703139,-0.100937,0.057344
1760625106.402842,0.543974,0.052358,0.440653,0.701512,-0.703139,-0.100937,0.057344
1760625106.469559,0.547774,0.044534,0.439424,0.701347,-0.702163,-0.110422,0.053718
1760625106.469559,0.547774,0.044534,0.439424,0.701347,-0.702163,-0.110422,0.053718
1760625106.536276,0.551539,0.036340,0.438181,0.701090,-0.701139,-0.120057,0.049629
1760625106.536276,0.551539,0.036340,0.438181,0.701090,-0.701139,-0.120057,0.049629
1760625106.602993,0.555160,0.028054,0.437011,0.700781,-0.700083,-0.129411,0.045196
1760625106.602993,0.555160,0.028054,0.437011,0.700781,-0.700083,-0.129411,0.045196
1760625106.669711,0.558483,0.020002,0.435905,0.700342,-0.699100,-0.138315,0.040606
1760625106.669711,0.558483,0.020002,0.435905,0.700342,-0.699100,-0.138315,0.040606
1760625106.736428,0.561535,0.012067,0.434885,0.699783,-0.698211,-0.146668,0.035956
1760625106.736428,0.561535,0.012067,0.434885,0.699783,-0.698211,-0.146668,0.035956
1760625106.803146,0.564410,0.004365,0.433887,0.699245,-0.697277,-0.154567,0.031147
1760625106.803146,0.564410,0.004365,0.433887,0.699245,-0.697277,-0.154567,0.031147
1760625106.869863,0.566983,-0.003125,0.433003,0.698584,-0.696451,-0.162001,0.026313
1760625106.869863,0.566983,-0.003125,0.433003,0.698584,-0.696451,-0.162001,0.026313
1760625106.936581,0.569410,-0.010406,0.432111,0.697897,-0.695638,-0.169013,0.021479
1760625106.936581,0.569410,-0.010406,0.432111,0.697897,-0.695638,-0.169013,0.021479
1760625107.003299,0.571598,-0.017408,0.431310,0.697237,-0.694824,-0.175504,0.016665
1760625107.003299,0.571598,-0.017408,0.431310,0.697237,-0.694824,-0.175504,0.016665
1760625107.070017,0.573591,-0.024189,0.430592,0.696437,-0.694149,-0.181636,0.011858
1760625107.070017,0.573591,-0.024189,0.430592,0.696437,-0.694149,-0.181636,0.011858
1760625107.136735,0.575433,-0.030729,0.429856,0.695711,-0.693419,-0.187365,0.007160
1760625107.136735,0.575433,-0.030729,0.429856,0.695711,-0.693419,-0.187365,0.007160
1760625107.203453,0.577082,-0.036955,0.429234,0.694935,-0.692787,-0.192627,0.002564
1760625107.203453,0.577082,-0.036955,0.429234,0.694935,-0.692787,-0.192627,0.002564
1760625107.270171,0.578565,-0.042955,0.428658,0.694178,-0.692172,-0.197511,-0.001920
1760625107.270171,0.578565,-0.042955,0.428658,0.694178,-0.692172,-0.197511,-0.001920
1760625107.336889,0.579930,-0.048522,0.428053,0.693465,-0.691541,-0.202087,-0.006212
1760625107.336889,0.579930,-0.048522,0.428053,0.693465,-0.691541,-0.202087,-0.006212
1760625107.403607,0.581163,-0.053905,0.427488,0.692672,-0.691039,-0.206309,-0.010359
1760625107.403607,0.581163,-0.053905,0.427488,0.692672,-0.691039,-0.206309,-0.010359
1760625107.470326,0.582209,-0.058948,0.427100,0.691980,-0.690533,-0.210053,-0.014341
1760625107.470326,0.582209,-0.058948,0.427100,0.691980,-0.690533,-0.210053,-0.014341
1760625107.537044,0.583162,-0.063597,0.426652,0.691311,-0.690049,-0.213533,-0.018017
1760625107.537044,0.583162,-0.063597,0.426652,0.691311,-0.690049,-0.213533,-0.018017
1760625107.603762,0.584022,-0.067961,0.426208,0.690630,-0.689634,-0.216732,-0.021486
1760625107.603762,0.584022,-0.067961,0.426208,0.690630,-0.689634,-0.216732,-0.021486
1760625107.670480,0.584787,-0.072042,0.425824,0.690000,-0.689248,-0.219599,-0.024766
1760625107.670480,0.584787,-0.072042,0.425824,0.690000,-0.689248,-0.219599,-0.024766
1760625107.737199,0.585446,-0.075686,0.425486,0.689422,-0.688889,-0.222169,-0.027765
1760625107.737199,0.585446,-0.075686,0.425486,0.689422,-0.688889,-0.222169,-0.027765
1760625107.803917,0.586015,-0.078931,0.425241,0.688910,-0.688570,-0.224379,-0.030468
1760625107.803917,0.586015,-0.078931,0.425241,0.688910,-0.688570,-0.224379,-0.030468
1760625107.870636,0.586495,-0.081872,0.424966,0.688428,-0.688279,-0.226399,-0.032905
1760625107.870636,0.586495,-0.081872,0.424966,0.688428,-0.688279,-0.226399,-0.032905
1760625107.937354,0.586894,-0.084491,0.424757,0.688008,-0.688040,-0.228073,-0.035056
1760625107.937354,0.586894,-0.084491,0.424757,0.688008,-0.688040,-0.228073,-0.035056
1760625108.004068,0.587251,-0.086747,0.424546,0.687623,-0.687842,-0.229530,-0.036924
1760625108.004068,0.587251,-0.086747,0.424546,0.687623,-0.687842,-0.229530,-0.036924
1760625108.070781,0.587527,-0.088599,0.424378,0.687300,-0.687677,-0.230738,-0.038458
1760625108.070781,0.587527,-0.088599,0.424378,0.687300,-0.687677,-0.230738,-0.038458
1760625108.137495,0.587746,-0.090047,0.424237,0.687060,-0.687529,-0.231688,-0.039670
1760625108.137495,0.587746,-0.090047,0.424237,0.687060,-0.687529,-0.231688,-0.039670
1760625108.204209,0.587914,-0.091117,0.424167,0.686887,-0.687423,-0.232351,-0.040597
1760625108.204209,0.587914,-0.091117,0.424167,0.686887,-0.687423,-0.232351,-0.040597
1760625108.270922,0.588010,-0.091878,0.424111,0.686742,-0.687371,-0.232824,-0.041224
1760625108.270922,0.588010,-0.091878,0.424111,0.686742,-0.687371,-0.232824,-0.041224
1760625108.337636,0.588026,-0.092099,0.424079,0.686745,-0.687296,-0.232998,-0.041450
1760625108.337636,0.588026,-0.092099,0.424079,0.686745,-0.687296,-0.232998,-0.041450
1760625108.404349,0.588012,-0.092063,0.424078,0.686759,-0.687263,-0.233048,-0.041463
1760625108.404349,0.588012,-0.092063,0.424078,0.686759,-0.687263,-0.233048,-0.041463
1760625108.471062,0.588004,-0.092056,0.424091,0.686762,-0.687258,-0.233054,-0.041477
1760625108.471062,0.588004,-0.092056,0.424091,0.686762,-0.687258,-0.233054,-0.041477
1760625108.537776,0.588018,-0.092077,0.424091,0.686748,-0.687277,-0.233039,-0.041475
1760625108.537776,0.588018,-0.092077,0.424091,0.686748,-0.687277,-0.233039,-0.041475
1760625108.604490,0.588028,-0.092099,0.424106,0.686724,-0.687302,-0.233033,-0.041485
1760625108.604490,0.588028,-0.092099,0.424106,0.686724,-0.687302,-0.233033,-0.041485
1760625108.671203,0.588049,-0.092146,0.424085,0.686706,-0.687321,-0.233032,-0.041489
1760625108.671203,0.588049,-0.092146,0.424085,0.686706,-0.687321,-0.233032,-0.041489
1760625108.737916,0.588057,-0.092158,0.424063,0.686713,-0.687307,-0.233051,-0.041492
1760625108.737916,0.588057,-0.092158,0.424063,0.686713,-0.687307,-0.233051,-0.041492
1760625108.804630,0.588059,-0.092142,0.424063,0.686713,-0.687309,-0.233048,-0.041480
1760625108.804630,0.588059,-0.092142,0.424063,0.686713,-0.687309,-0.233048,-0.041480
1760625108.871343,0.588050,-0.092170,0.424074,0.686709,-0.687320,-0.233026,-0.041476
1760625108.871343,0.588050,-0.092170,0.424074,0.686709,-0.687320,-0.233026,-0.041476
1760625108.938056,0.588056,-0.092160,0.424082,0.686705,-0.687325,-0.233023,-0.041488
1760625108.938056,0.588056,-0.092160,0.424082,0.686705,-0.687325,-0.233023,-0.041488
1760625109.004770,0.588050,-0.092162,0.424067,0.686706,-0.687318,-0.233044,-0.041478
1760625109.004770,0.588050,-0.092162,0.424067,0.686706,-0.687318,-0.233044,-0.041478
1760625109.071483,0.588055,-0.092166,0.424061,0.686701,-0.687324,-0.233041,-0.041473
1760625109.071483,0.588055,-0.092166,0.424061,0.686701,-0.687324,-0.233041,-0.041473
1760625109.138196,0.588054,-0.092161,0.424073,0.686694,-0.687329,-0.233042,-0.041492
1760625109.138196,0.588054,-0.092161,0.424073,0.686694,-0.687329,-0.233042,-0.041492
1760625109.204910,0.588049,-0.092142,0.424068,0.686724,-0.687301,-0.233042,-0.041470
